CV_R2_MEAN: 0.848444
CV_R2_STD: 0.006216
CV_RMSE_MEAN: 1209.77
CV_RMSE_STD: 85.53
CV_MAE_MEAN: 719.84
CV_MAE_STD: 33.88
