CV_R2_MEAN: 0.848748
CV_R2_STD: 0.006884
CV_RMSE_MEAN: 1208.61
CV_RMSE_STD: 87.82
CV_MAE_MEAN: 718.73
CV_MAE_STD: 36.46
